        GLOBAL Station Temperature Index in 0.01 degrees Celsius   base period: 1951-1980

                    sources:  GHCN-v3 1880-01/2018 (meteorological stations only)
                    using elimination of outliers and homogeneity adjustment
                    Notes: 1950 DJF = Dec 1949 - Feb 1950 ;  ***** = missing

                                                                     AnnMean
Year   Jan  Feb  Mar  Apr  May  Jun  Jul  Aug  Sep  Oct  Nov  Dec    J-D D-N    DJF  MAM  JJA  SON  Year
1880   -80  -37  -45  -64  -34  -47  -46   10  -47  -65  -49  -51    -46 ***   ****  -47  -28  -54  1880
1881   -76  -59  -34  -24    0 -109  -50  -21  -31  -45  -53  -11    -43 -46    -62  -19  -60  -43  1881
1882    15   -8   -5  -55  -34  -99  -67   -8   -4  -28  -36  -64    -33 -28     -1  -31  -58  -23  1882
1883   -65  -91  -43  -28  -32   47    2  -12  -42  -53  -66  -36    -35 -37    -73  -34   12  -54  1883
1884   -57  -31  -37  -91 -116  -79  -81   19  -33  -74  -78  -96    -63 -58    -41  -81  -47  -62  1884
1885   -89  -76  -88  -83  -45  -90  -59  -12  -12    0  -34    5    -49 -57    -87  -72  -54  -15  1885
1886   -72  -79  -65  -58  -53  -81  -36  -69  -38  -82  -45  -71    -63 -56    -49  -59  -62  -55  1886
1887   -84 -124  -56  -81  -83  -64  -38  -23  -59  -52  -89  -63    -68 -69    -93  -73  -42  -67  1887
1888   -70  -79  -87  -28  -72  -52  -33  -32  -38  -24   -2  -14    -44 -48    -70  -62  -39  -22  1888
1889   -25   21   10   16   15  -26  -37  -56  -33  -16  -40  -41    -18 -16     -6   14  -40  -30  1889
1890   -57  -60  -58  -49  -89  -54  -57  -58  -31  -23  -73  -49    -55 -54    -52  -66  -56  -42  1890
1891   -92 -104  -49  -65  -45  -54  -71  -55  -48  -54  -53    6    -57 -62    -82  -53  -60  -52  1891
1892   -59  -28  -56  -68  -62  -53  -35  -23  -44  -31  -60  -57    -48 -43    -27  -62  -37  -45  1892
1893  -140  -97  -56  -63  -70  -66  -12  -33  -24   -8  -10  -35    -51 -53    -98  -63  -37  -14  1893
1894   -74  -61  -38  -64  -65  -47  -37  -31  -42   -8  -14  -16    -41 -43    -56  -56  -38  -21  1894
1895   -68  -78  -50  -46  -29  -28  -53  -18  -14  -10  -16   -8    -35 -36    -54  -42  -33  -13  1895
1896   -22  -28  -52  -47  -43  -45  -19  -36   -8   -1  -42  -20    -30 -29    -19  -47  -33  -17  1896
1897   -25  -49  -29   -9  -24  -16   -9  -30  -14  -21    1  -21    -20 -20    -31  -21  -18  -11  1897
1898   -10  -42  -79  -55  -61  -29  -34  -22   -1  -40  -48  -20    -37 -37    -24  -65  -29  -30  1898
1899   -42  -60  -36  -25  -40  -53  -30  -28   -1  -27   -1  -21    -30 -30    -40  -34  -37  -10  1899
1900   -54   -4  -17  -16  -17  -12  -36  -16   -7   15  -11   -6    -15 -16    -26  -16  -21   -1  1900

Year   Jan  Feb  Mar  Apr  May  Jun  Jul  Aug  Sep  Oct  Nov  Dec    J-D D-N    DJF  MAM  JJA  SON  Year
1901   -19  -10  -10   -7  -18    3  -24  -21    3  -18  -12  -21    -13 -11    -12  -12  -14   -9  1901
1902   -28   -3  -17  -18  -31  -35  -42  -52  -39  -46  -48  -55    -35 -32    -17  -22  -43  -44  1902
1903   -33  -13  -15  -53  -42  -63  -31  -42  -43  -49  -45  -60    -41 -40    -34  -37  -45  -46  1903
1904   -78  -75  -55  -42  -62  -48  -61  -49  -44  -51  -24  -40    -52 -54    -71  -53  -53  -40  1904
1905   -41  -96  -23  -32  -35  -29  -43  -26  -21  -36   -7  -24    -34 -36    -59  -30  -33  -21  1905
1906   -16  -32  -32    7  -19  -22  -21  -16  -30  -18  -53  -25    -23 -23    -24  -15  -20  -33  1906
1907   -48  -65  -43  -58  -58  -66  -42  -54  -38  -32  -59  -65    -52 -49    -46  -53  -54  -43  1907
1908   -36  -30  -49  -44  -32  -42  -39  -38  -15  -39  -57  -39    -38 -41    -44  -42  -40  -37  1908
1909   -77  -57  -48  -60  -57  -41  -33   -9  -18  -16  -13  -52    -40 -39    -58  -55  -28  -16  1909
1910   -44  -37  -46  -30  -24  -33  -22  -13   -8  -28  -51  -64    -33 -32    -44  -33  -23  -29  1910
1911   -63  -63  -59  -50  -36  -36  -14  -22  -23  -15  -10  -21    -34 -38    -63  -48  -24  -16  1911
1912   -15   -9  -39  -26  -16  -23  -47  -60  -33  -44  -39  -30    -32 -31    -15  -27  -44  -39  1912
1913   -42  -46  -55  -28  -60  -59  -20  -18  -18  -27  -11    8    -31 -35    -40  -48  -32  -19  1913
1914    17   -1   -2  -18    0   -8  -19   -6   -5   14  -31  -18     -6  -4      8   -7  -11   -7  1914
1915   -14    8   -8    0  -19  -19    5  -17    1   -7    7   -7     -6  -7     -8   -9  -10    0  1915
1916    -4   -9  -43  -26  -32  -48  -34   -8  -15  -12  -34  -78    -29 -23     -7  -34  -30  -20  1916
1917   -49  -72  -77  -51  -78  -45    2  -36  -29  -48  -29  -91    -50 -49    -66  -68  -26  -35  1917
1918   -61  -57  -46  -52  -75  -41  -45  -44  -14    4  -22  -33    -41 -45    -69  -58  -44  -11  1918
1919   -27  -22  -10  -11  -14  -16   -6   -6  -18   -5  -41  -28    -17 -17    -27  -12   -9  -21  1919
1920    -9  -27  -15  -18  -30  -37  -20  -14  -14  -42  -32  -46    -25 -24    -21  -21  -23  -29  1920

Year   Jan  Feb  Mar  Apr  May  Jun  Jul  Aug  Sep  Oct  Nov  Dec    J-D D-N    DJF  MAM  JJA  SON  Year
1921     0  -15  -10  -16  -17   -9    2  -44  -12   -8  -24  -15    -14 -17    -20  -15  -17  -15  1921
1922   -38  -42  -29   -8  -35  -30   -2  -22  -12  -23   -9  -12    -22 -22    -32  -24  -18  -14  1922
1923   -22  -20  -21  -45  -30  -25  -48  -35  -28   -9   -1   -6    -24 -25    -18  -32  -36  -13  1923
1924   -26  -40  -11  -49  -27  -14  -13  -14   -4  -11   -4  -26    -20 -18    -24  -29  -14   -6  1924
1925   -42  -34  -25  -14  -31  -39  -39   -8  -29  -35   -2   20    -23 -27    -34  -23  -29  -22  1925
1926    27   30   22  -10  -34  -20  -14    4    4   -9    5  -22     -1   2     26   -7  -10    0  1926
1927   -16  -16  -35  -32  -27  -23   -4  -23   -8   18   15  -19    -14 -14    -18  -31  -17    8  1927
1928     9    3   -7   -5  -34  -52   -3   -1    6   -1   13   -1     -6  -8     -2  -15  -18    6  1928
1929   -23  -48  -30  -39  -38  -39  -34  -34  -18    4    0  -58    -30 -25    -24  -36  -36   -5  1929
1930   -20  -17   -3  -21  -13  -20  -17  -14  -10  -26   13   -4    -13 -17    -32  -12  -17   -8  1930
1931   -13  -26   -3  -28  -16   -7    9   11  -15    6  -15    8     -7  -8    -14  -16    4   -8  1931
1932    34  -26  -19    8  -17  -45  -21  -16    7   10   -8  -13     -9  -7      6   -9  -27    3  1932
1933   -35  -26  -24  -17  -11  -25  -10  -16   -8   -6  -34  -53    -22 -19    -25  -17  -17  -16  1933
1934   -13  -10  -34  -33    2  -16    2    9   -6   -4    7    9     -7 -12    -25  -21   -2   -1  1934
1935   -32   24    5  -48  -33  -20  -26  -23  -37   -4  -30  -17    -20 -18      1  -25  -23  -24  1935
1936   -26  -41  -14   -1  -27  -15   23    2    1    3    5   11     -7  -9    -28  -14    3    3  1936
1937   -10    8  -18  -17    0   -3  -10    7   26   23   31   -6      3   4      3  -12   -2   26  1937
1938     1    1   21   29   10  -10    3   -6   12   32   13   -9      8   8     -1   20   -4   19  1938
1939    -1  -16  -34  -15    0   -8  -11  -23  -12   -7  -15   35     -9 -13     -9  -16  -14  -12  1939
1940   -19    7   12    3    7   17   22    9   20    5    7   23      9  10      8    7   16   11  1940

Year   Jan  Feb  Mar  Apr  May  Jun  Jul  Aug  Sep  Oct  Nov  Dec    J-D D-N    DJF  MAM  JJA  SON  Year
1941     3   21  -11    1   10   13   26    4  -19   10   -5    3      5   6     16    0   14   -5  1941
1942    20   -4   -1   -2    1    6    4   10    7    0   12    5      5   5      6   -1    7    6  1942
1943   -20    5  -14    0  -10  -12    8  -17    5   27    8   20      0  -1     -4   -8   -7   13  1943
1944    31   12    9   -8   -7   -8    3    5   21   19   -2  -22      5   8     21   -2    0   13  1944
1945     0  -16   -2   11  -27  -32  -24   17    4    3   -8  -37     -9  -8    -13   -6  -13    0  1945
1946    -1   -6  -17    2   -2  -19    3   -6   -1  -16   -9  -32     -9  -9    -15   -6   -8   -9  1946
1947   -15    2   17   11   -2    0   -5   -1    0   23   22  -18      3   2    -15    9   -2   15  1947
1948    19  -17  -29  -13    2    4  -16  -19    0   -3  -17  -20     -9  -9     -5  -13  -10   -7  1948
1949     2  -36   -8  -26  -15  -17  -10  -13   -7    0   -5  -19    -13 -13    -18  -16  -13   -4  1949
1950   -32  -33   -7  -24  -23  -11  -13  -35  -19  -22  -41  -19    -23 -23    -28  -18  -20  -27  1950
1951   -38  -48  -16   -4    5   -5   -5   10    7    0   -3   13     -7 -10    -35   -5    0    1  1951
1952     7   11  -19   -8  -12  -10    4    9   13   -3  -21   -4     -3  -1     10  -13    1   -3  1952
1953    10    5   14   10   -4    1   -4   10    7    5    1   14      6   4      4    7    2    4  1953
1954   -31   -9  -11  -15  -19  -20  -26  -17  -17    0   17  -13    -13 -11     -9  -15  -21    0  1954
1955    22  -10  -39  -19  -18  -19  -17   10  -11    1  -25  -31    -13 -11      0  -25   -9  -12  1955
1956   -24  -31  -33  -25  -30  -10  -12  -32  -15  -24  -23  -20    -23 -24    -29  -29  -18  -21  1956
1957   -15   -5   -8    0   -1   14  -12   13   10    1   13   20      2  -1    -13   -3    5    8  1957
1958    42   25   19    9   12  -18    8  -10   -6   10    8   -7      8  10     29   13   -7    4  1958
1959     4    9   24   19   -1    9   10    1  -13  -10   -8    9      4   3      2   14    7  -10  1959
1960     8   27  -46  -20  -13   -1  -11    8    9   12  -10   18     -2  -2     15  -26   -1    4  1960

Year   Jan  Feb  Mar  Apr  May  Jun  Jul  Aug  Sep  Oct  Nov  Dec    J-D D-N    DJF  MAM  JJA  SON  Year
1961     9   22    3   13   17   12    0    8   16    9    8  -14      9  11     16   11    7   11  1961
1962     8   16   11    6  -11    5  -12   -8    1    2   10    0      2   1      3    2   -5    4  1962
1963    -1   24  -22  -19  -13    3    6   19   23   10    5   -5      2   3      8  -18    9   12  1963
1964    -7  -17  -27  -36  -33  -14   -8  -29  -37  -35  -21  -34    -25 -22     -9  -32  -17  -31  1964
1965    -5  -17  -12  -28  -16  -15  -26   -8  -27   -9  -13  -18    -16 -18    -19  -19  -17  -16  1965
1966   -22   -3   14   -9  -11   -4   11  -10   -3  -26   -5   -9     -6  -7    -15   -2   -1  -11  1966
1967    -8  -26    1   -9   17  -13    5    3   -1   11    0    0     -2  -2    -14    3   -2    4  1967
1968   -21  -17   32   -9  -18  -12  -13   -8  -27    5   -7  -21    -10  -8    -13    2  -11   -9  1968
1969   -16  -27  -10   11   15    4   -2   -9    1    8    8   33      1  -3    -21    6   -2    6  1969
1970     4   27   10   12   -5   11    9   -8   15   10    3  -11      6  10     21    6    4    9  1970
1971    -2  -14  -20   -4   -7  -20   -9    3    2   -1  -11   -4     -7  -8     -9  -10   -9   -3  1971
1972   -29  -31   -7   -5   -2    8    6   20    5   -3   -5   14     -2  -4    -21   -5   11   -1  1972
1973    25   32   36   35   35   28   20    6   11   20   10   -2     21  23     24   35   18   14  1973
1974    -6  -24   -1   -8    2    1   -3   12  -15   -8   -8   -4     -5  -5    -10   -2    4  -10  1974
1975     6    9   13    4   26    4    6  -25   -3   -4   -6  -22      1   2      4   15   -5   -4  1975
1976    -1   -7  -31  -23  -23  -18  -16  -23  -15  -36  -16   -2    -17 -19    -10  -26  -19  -22  1976
1977    15   23   31   31   30   32   31   28   -9    0   24   15     21  20     12   31   30    5  1977
1978    14   20   28   27   20    4   19  -14   15    4   15   12     14  14     16   25    3   11  1978
1979    17  -10   26   20    9   21    4   13   29   27   31   53     20  17      6   18   13   29  1979
1980    37   46   41   44   46   22   38   31   33   24   29   19     34  37     45   44   30   29  1980

Year   Jan  Feb  Mar  Apr  May  Jun  Jul  Aug  Sep  Oct  Nov  Dec    J-D D-N    DJF  MAM  JJA  SON  Year
1981    62   57   66   50   32   38   51   53   28   11   22   47     43  41     46   50   47   20  1981
1982    13   25    0    3   25    4   18    8   10    2   13   42     14  14     28    9   10    8  1982
1983    49   41   48   41   49   28   21   47   57   34   33   18     39  41     44   46   32   42  1983
1984    24   16   38   15   46    5   19   28   27   22   11    3     21  23     20   33   17   20  1984
1985    32    3   27   21   22   27    3   35   26   13    9   14     19  18     13   23   22   16  1985
1986    38   51   39   43   33   12   14   20    2   11   12   20     25  24     34   38   15    8  1986
1987    43   53   25   38   29   55   58   26   36   34   29   56     40  37     39   31   47   33  1987
1988    66   48   62   50   62   59   44   56   55   55   18   38     51  53     57   58   53   42  1988
1989    25   45   44   43   18   15   48   51   54   43   23   40     37  37     36   35   38   40  1989
1990    53   41   85   64   55   46   62   42   30   51   54   48     53  52     45   68   50   45  1990
1991    50   63   48   73   43   70   63   57   63   36   33   33     53  54     53   55   63   44  1991
1992    51   43   54   24   28   31    8   14   -2    9    3   25     24  25     42   35   18    3  1992
1993    40   42   34   31   29   28   40   22   10   24    9   18     27  28     36   31   30   14  1993
1994    40    9   28   53   28   58   42   27   41   42   51   44     39  36     22   36   42   45  1994
1995    57   90   52   59   38   50   64   58   47   67   53   40     56  57     64   50   57   56  1995
1996    42   61   45   51   35   33   58   76   43   33   51   54     48  47     48   44   56   42  1996
1997    48   55   66   40   43   67   33   45   49   60   71   69     54  52     52   50   48   60  1997
1998    72  121   84   83   93  103   92   85   59   69   66   78     84  83     87   87   94   64  1998
1999    68   85   49   41   49   63   62   54   66   63   57   51     59  61     77   46   60   62  1999
2000    30   78   70   75   56   69   63   61   57   35   48   48     58  58     53   67   65   47  2000

Year   Jan  Feb  Mar  Apr  May  Jun  Jul  Aug  Sep  Oct  Nov  Dec    J-D D-N    DJF  MAM  JJA  SON  Year
2001    58   62   68   61   73   66   72   63   71   62   80   73     67  65     56   67   67   71  2001
2002    97   90  114   80   87   65   84   69   83   64   71   56     80  81     87   93   73   73  2002
2003    94   75   73   70   87   64   66   85   83   85   65   88     78  75     75   77   72   78  2003
2004    74   95   85   77   49   67   23   59   58   82   87   65     68  70     85   70   50   76  2004
2005    96   87   96   84   75   83   80   74   98  100   90   89     88  86     83   85   79   96  2005
2006    77   91   81   70   51   76   65   82   72   82   84   89     77  77     86   67   74   80  2006
2007   122   93   91   93   95   66   78   84   81   80   72   70     85  87    101   93   76   77  2007
2008    47   45   90   67   56   50   73   40   82   72   81   72     65  64     54   71   55   78  2008
2009    75   75   66   75   84   81   87   85   90   73   83   77     79  79     74   75   84   82  2009
2010    98  106  113  100   97   85   74   83   85   95  101   70     92  93     94  103   80   94  2010
2011    72   69   77   82   64   72   91   96   77   83   78   80     78  78     70   74   86   80  2011
2012    62   58   70   80   93   72   57   85   89   92   94   72     77  78     67   81   72   92  2012
2013    98   75   85   66   66   87   66   79  101   86   89   84     82  81     81   72   77   92  2013
2014    96   67   78   89  105   78   72   85  110  101   80   98     88  87     82   91   78   97  2014
2015    95  108  111   78   85   85   70   89   81  120  119  139     98  95    100   91   81  107  2015
2016   136  165  164  135  115   91   97  130  110  121  118  112    124 127    147  138  106  116  2016
2017   113  142  138  116  122   79  106  109   96  115  104  117    113 113    123  125   98  105  2017
2018   103 **** **** **** **** **** **** **** **** **** **** ****   **** ***   **** **** **** ****  2018
Year   Jan  Feb  Mar  Apr  May  Jun  Jul  Aug  Sep  Oct  Nov  Dec    J-D D-N    DJF  MAM  JJA  SON  Year

Divide by 100 to get changes in degrees Celsius (deg-C).
Multiply that result by 1.8(=9/5) to get changes in degrees Fahrenheit (deg-F).

Example      --      Table Value :      40
                          change :    0.40 deg-C  or  0.72 deg-F